4294967294,96
4294967294,94
4294967278,294
4294967279,304
4294967279,321
4294967278,157
4294967278,156
4294967279,156
106,5
4294967279,154
4294967278,155
106,3
106,2
106,1
4294967279,316
4294967278,154
0,7
4294967294,161
4294967278,153
105,4
4294967278,540
4294967294,107
4294967294,1419
4294967278,291
105,5
4294967278,145
4294967278,146
105,3
105,2
105,1
4294967278,309
4294967279,146
4294967278,144
104,4
4294967279,318
4294967279,317
4294967294,470
4294967294,1
4294967294,477
4294967294,474
4294967294,46
4294967279,395
4294967278,303
4294967278,139
4294967278,138
4294967279,279
104,5
4294967279,136
4294967279,137
104,3
104,2
104,1
4294967278,136
4243767290,0
103,7
103,6
103,5
4294967278,135
103,4
4294967294,15
4294967278,272
4294967278,274
4294967279,289
4294967278,273
4294967279,274
4294967278,270
4294967278,269
103,8
4294967279,269
4294967278,305
103,3
103,2
103,1
4294967279,287
102,4
4294967294,5
4294967294,50
4294967294,12
4294967294,81
4294967294,22
4294967294,17
4294967294,99
4294967294,76
4294967294,909
4294967294,186
4294967294,905
4294967294,1421
4294967294,439
4294967294,6
4294967279,268
4294967294,42
4294967294,0
4294967294,45
4294967294,28
4294967294,92
4294967294,91
4294967294,90
4294967294,88
4294967294,87
4294967294,86
4294967294,85
4294967294,84
4294967294,956
4294967294,923
4294967294,955
4294967294,29
4294967294,419
4294967294,26
4294967294,53
4294967294,2
4294967294,393
4294967294,44
4294967294,425
4294967294,43
4294967294,38
4294967279,351
4294967278,536
4294967294,7
4294967278,277
4294967279,264
4294967278,261
4294967279,263
102,10
102,0
102,9
102,8
4294967278,563
4294967278,259
4294967278,258
102,3
102,2
102,1
4294967294,9
4294967294,8
4294967294,93
4294967294,95
0,5
79,4
4294967294,418
4294967294,51
4294967294,36
4294967294,1417
4294967294,970
4294967294,82
4294967294,68
4294967294,11
4294967278,132
4294967278,131
4294967278,130
4294967278,129
4294967278,128
4294967278,127
4294967278,126
4294967278,125
4294967278,124
4294967278,123
4294967278,122
4294967278,121
4294967278,120
4294967278,119
4294967278,118
4294967278,117
4294967278,116
4294967278,115
4294967278,114
4294967278,113
4294967278,112
4294967278,111
4294967278,110
4294967278,109
4294967278,108
4294967278,107
4294967278,106
4294967278,105
4294967278,104
4294967278,103
4294967278,102
4294967278,101
4294967278,100
4294967278,99
4294967278,98
4294967278,97
4294967278,96
4294967278,95
4294967278,94
4294967278,93
4294967278,92
4294967278,91
4294967278,90
4294967278,89
4294967278,87
4294967278,86
4294967278,83
4294967278,81
4294967278,79
4294967278,78
4294967278,77
4294967278,76
4294967278,75
4294967278,70
4294967278,68
4294967278,67
4294967278,66
4294967278,65
4294967278,64
4294967279,87
4294967279,77
4294967279,75
4294967279,71
4294967279,64
4294967279,63
4294967279,56
4294967279,53
4294967279,48
4294967279,45
4294967279,41
4294967279,39
4294967279,36
4294967279,32
4294967279,29
4294967279,26
4294967279,23
4294967279,21
4294967279,14
4294967279,9
4294967279,8
4294967279,7
4294967279,6
4294967279,5
4294967279,4
81,4
77,4
4294967278,85
4294967278,84
4294967278,82
4294967278,80
4294967278,74
4294967278,73
4294967278,72
4294967278,71
4294967278,69
4294967278,63
4294967279,174
4294967279,84
4294967279,81
4294967279,72
4294967279,70
4294967279,55
4294967279,349
4294967279,348
4294967278,533
4294967279,217
4294967278,254
4294967279,344
4294967278,253
4294967279,253
4294967279,250
4294967279,248
101,7
4294967278,244
101,6
101,5
101,4
4294967279,242
101,3
101,2
101,1
4294967279,241
4294967279,236
4294967278,527
4294967278,234
4294967278,233
4294967294,163
4294967278,229
4294967294,416
4294967294,924
4294967294,27
4294967279,227
4294967278,224
4294967279,224
4294967278,220
4294967278,218
4294967279,215
4294967294,67
4294967294,41
4294967294,52
4294967294,25
4294967294,83
4294967293,131
4294967293,130
4294967293,129
4294967293,128
4294967293,127
4294967293,126
4294967293,125
4294967293,124
4294967293,123
4294967293,122
4294967293,121
4294967293,120
4294967293,119
4294967293,118
4294967293,117
4294967293,116
4294967293,115
4294967293,114
4294967293,113
4294967293,112
4294967293,111
4294967293,110
4294967293,109
4294967293,108
4294967293,107
4294967293,106
4294967293,105
4294967293,104
4294967293,103
4294967293,102
4294967293,101
4294967293,100
4294967293,99
4294967293,98
4294967293,97
4294967293,96
4294967293,95
4294967293,94
4294967293,93
4294967293,92
4294967293,91
4294967293,90
4294967293,89
4294967293,87
4294967293,86
4294967293,85
4294967293,84
4294967293,83
4294967293,82
4294967293,81
4294967293,80
4294967293,79
4294967293,78
4294967293,77
4294967293,76
4294967293,75
4294967293,74
4294967293,73
4294967293,72
4294967293,71
4294967293,70
4294967293,69
4294967293,68
4294967293,67
4294967293,66
4294967293,65
4294967293,64
4294967293,63
4294967293,62
4294967293,61
4294967293,60
4294967293,59
4294967293,58
4294967293,57
4294967293,56
4294967293,55
4294967293,54
4294967293,53
4294967293,52
4294967293,51
